SubscribeUpdateTransaction {
    transaction: Some(
        SubscribeUpdateTransactionInfo {
            signature: [
                123,
                253,
                252,
                100,
                58,
                240,
                168,
                39,
                112,
                129,
                165,
                79,
                71,
                159,
                179,
                50,
                241,
                104,
                165,
                124,
                73,
                194,
                68,
                231,
                42,
                56,
                150,
                161,
                49,
                136,
                150,
                181,
                225,
                182,
                44,
                154,
                74,
                10,
                75,
                177,
                13,
                248,
                241,
                198,
                32,
                15,
                38,
                176,
                25,
                179,
                217,
                151,
                221,
                254,
                103,
                215,
                197,
                198,
                163,
                92,
                242,
                177,
                65,
                11,
            ],
            is_vote: false,
            transaction: Some(
                Transaction {
                    signatures: [
                        [
                            123,
                            253,
                            252,
                            100,
                            58,
                            240,
                            168,
                            39,
                            112,
                            129,
                            165,
                            79,
                            71,
                            159,
                            179,
                            50,
                            241,
                            104,
                            165,
                            124,
                            73,
                            194,
                            68,
                            231,
                            42,
                            56,
                            150,
                            161,
                            49,
                            136,
                            150,
                            181,
                            225,
                            182,
                            44,
                            154,
                            74,
                            10,
                            75,
                            177,
                            13,
                            248,
                            241,
                            198,
                            32,
                            15,
                            38,
                            176,
                            25,
                            179,
                            217,
                            151,
                            221,
                            254,
                            103,
                            215,
                            197,
                            198,
                            163,
                            92,
                            242,
                            177,
                            65,
                            11,
                        ],
                    ],
                    message: Some(
                        Message {
                            header: Some(
                                MessageHeader {
                                    num_required_signatures: 1,
                                    num_readonly_signed_accounts: 0,
                                    num_readonly_unsigned_accounts: 14,
                                },
                            ),
                            account_keys: [
                                [
                                    101,
                                    21,
                                    71,
                                    241,
                                    127,
                                    56,
                                    82,
                                    181,
                                    242,
                                    190,
                                    188,
                                    127,
                                    38,
                                    51,
                                    217,
                                    250,
                                    47,
                                    58,
                                    192,
                                    72,
                                    24,
                                    158,
                                    254,
                                    248,
                                    5,
                                    90,
                                    238,
                                    244,
                                    49,
                                    173,
                                    139,
                                    55,
                                ],
                                [
                                    13,
                                    141,
                                    51,
                                    249,
                                    65,
                                    195,
                                    144,
                                    49,
                                    68,
                                    89,
                                    51,
                                    125,
                                    73,
                                    11,
                                    216,
                                    98,
                                    246,
                                    32,
                                    65,
                                    178,
                                    212,
                                    29,
                                    41,
                                    145,
                                    230,
                                    86,
                                    159,
                                    62,
                                    50,
                                    140,
                                    1,
                                    115,
                                ],
                                [
                                    220,
                                    99,
                                    167,
                                    171,
                                    165,
                                    153,
                                    232,
                                    249,
                                    32,
                                    94,
                                    20,
                                    71,
                                    119,
                                    90,
                                    82,
                                    199,
                                    0,
                                    130,
                                    27,
                                    73,
                                    77,
                                    125,
                                    246,
                                    139,
                                    5,
                                    231,
                                    171,
                                    210,
                                    104,
                                    226,
                                    147,
                                    146,
                                ],
                                [
                                    238,
                                    230,
                                    42,
                                    180,
                                    132,
                                    192,
                                    8,
                                    241,
                                    47,
                                    197,
                                    201,
                                    149,
                                    31,
                                    104,
                                    250,
                                    27,
                                    85,
                                    193,
                                    145,
                                    131,
                                    3,
                                    193,
                                    49,
                                    110,
                                    238,
                                    160,
                                    101,
                                    58,
                                    31,
                                    59,
                                    128,
                                    193,
                                ],
                                [
                                    153,
                                    16,
                                    210,
                                    143,
                                    96,
                                    22,
                                    1,
                                    50,
                                    7,
                                    111,
                                    67,
                                    28,
                                    71,
                                    188,
                                    231,
                                    131,
                                    124,
                                    86,
                                    255,
                                    178,
                                    49,
                                    39,
                                    229,
                                    209,
                                    246,
                                    160,
                                    52,
                                    127,
                                    255,
                                    132,
                                    225,
                                    82,
                                ],
                                [
                                    129,
                                    145,
                                    159,
                                    249,
                                    202,
                                    195,
                                    145,
                                    132,
                                    208,
                                    89,
                                    208,
                                    117,
                                    21,
                                    132,
                                    68,
                                    10,
                                    74,
                                    226,
                                    117,
                                    39,
                                    94,
                                    215,
                                    167,
                                    209,
                                    13,
                                    32,
                                    196,
                                    25,
                                    196,
                                    145,
                                    108,
                                    83,
                                ],
                                [
                                    3,
                                    6,
                                    70,
                                    111,
                                    229,
                                    33,
                                    23,
                                    50,
                                    255,
                                    236,
                                    173,
                                    186,
                                    114,
                                    195,
                                    155,
                                    231,
                                    188,
                                    140,
                                    229,
                                    187,
                                    197,
                                    247,
                                    18,
                                    107,
                                    44,
                                    67,
                                    155,
                                    58,
                                    64,
                                    0,
                                    0,
                                    0,
                                ],
                                [
                                    1,
                                    86,
                                    224,
                                    246,
                                    147,
                                    102,
                                    90,
                                    207,
                                    68,
                                    219,
                                    21,
                                    104,
                                    191,
                                    23,
                                    91,
                                    170,
                                    81,
                                    137,
                                    203,
                                    151,
                                    245,
                                    210,
                                    255,
                                    59,
                                    101,
                                    93,
                                    43,
                                    182,
                                    253,
                                    109,
                                    24,
                                    176,
                                ],
                                [
                                    0,
                                    0,
                                    0,
                                    0,
                                    0,
                                    0,
                                    0,
                                    0,
                                    0,
                                    0,
                                    0,
                                    0,
                                    0,
                                    0,
                                    0,
                                    0,
                                    0,
                                    0,
                                    0,
                                    0,
                                    0,
                                    0,
                                    0,
                                    0,
                                    0,
                                    0,
                                    0,
                                    0,
                                    0,
                                    0,
                                    0,
                                    0,
                                ],
                                [
                                    172,
                                    241,
                                    54,
                                    235,
                                    1,
                                    252,
                                    28,
                                    78,
                                    136,
                                    61,
                                    35,
                                    200,
                                    181,
                                    132,
                                    74,
                                    181,
                                    154,
                                    55,
                                    246,
                                    106,
                                    221,
                                    87,
                                    197,
                                    233,
                                    172,
                                    59,
                                    83,
                                    224,
                                    89,
                                    211,
                                    92,
                                    100,
                                ],
                                [
                                    140,
                                    151,
                                    37,
                                    143,
                                    78,
                                    36,
                                    137,
                                    241,
                                    187,
                                    61,
                                    16,
                                    41,
                                    20,
                                    142,
                                    13,
                                    131,
                                    11,
                                    90,
                                    19,
                                    153,
                                    218,
                                    255,
                                    16,
                                    132,
                                    4,
                                    142,
                                    123,
                                    216,
                                    219,
                                    233,
                                    248,
                                    89,
                                ],
                                [
                                    6,
                                    155,
                                    136,
                                    87,
                                    254,
                                    171,
                                    129,
                                    132,
                                    251,
                                    104,
                                    127,
                                    99,
                                    70,
                                    24,
                                    192,
                                    53,
                                    218,
                                    196,
                                    57,
                                    220,
                                    26,
                                    235,
                                    59,
                                    85,
                                    152,
                                    160,
                                    240,
                                    0,
                                    0,
                                    0,
                                    0,
                                    1,
                                ],
                                [
                                    6,
                                    221,
                                    246,
                                    225,
                                    215,
                                    101,
                                    161,
                                    147,
                                    217,
                                    203,
                                    225,
                                    70,
                                    206,
                                    235,
                                    121,
                                    172,
                                    28,
                                    180,
                                    133,
                                    237,
                                    95,
                                    91,
                                    55,
                                    145,
                                    58,
                                    140,
                                    245,
                                    133,
                                    126,
                                    255,
                                    0,
                                    169,
                                ],
                                [
                                    12,
                                    20,
                                    222,
                                    252,
                                    130,
                                    94,
                                    198,
                                    118,
                                    148,
                                    37,
                                    8,
                                    24,
                                    187,
                                    101,
                                    64,
                                    101,
                                    244,
                                    41,
                                    141,
                                    49,
                                    86,
                                    213,
                                    113,
                                    180,
                                    212,
                                    248,
                                    9,
                                    12,
                                    24,
                                    233,
                                    168,
                                    99,
                                ],
                                [
                                    67,
                                    32,
                                    214,
                                    239,
                                    196,
                                    191,
                                    30,
                                    234,
                                    45,
                                    178,
                                    19,
                                    182,
                                    120,
                                    162,
                                    156,
                                    0,
                                    65,
                                    184,
                                    111,
                                    223,
                                    247,
                                    108,
                                    16,
                                    255,
                                    74,
                                    225,
                                    80,
                                    135,
                                    184,
                                    165,
                                    186,
                                    171,
                                ],
                                [
                                    229,
                                    74,
                                    112,
                                    149,
                                    40,
                                    131,
                                    159,
                                    97,
                                    192,
                                    185,
                                    184,
                                    96,
                                    121,
                                    137,
                                    28,
                                    19,
                                    146,
                                    22,
                                    228,
                                    122,
                                    113,
                                    182,
                                    47,
                                    183,
                                    59,
                                    236,
                                    114,
                                    22,
                                    148,
                                    88,
                                    116,
                                    94,
                                ],
                                [
                                    12,
                                    53,
                                    255,
                                    169,
                                    5,
                                    90,
                                    142,
                                    86,
                                    141,
                                    168,
                                    247,
                                    188,
                                    7,
                                    86,
                                    21,
                                    39,
                                    76,
                                    241,
                                    201,
                                    44,
                                    164,
                                    31,
                                    64,
                                    0,
                                    156,
                                    81,
                                    106,
                                    164,
                                    20,
                                    194,
                                    124,
                                    112,
                                ],
                                [
                                    179,
                                    175,
                                    60,
                                    88,
                                    65,
                                    49,
                                    221,
                                    167,
                                    116,
                                    117,
                                    189,
                                    93,
                                    107,
                                    209,
                                    139,
                                    208,
                                    176,
                                    1,
                                    197,
                                    32,
                                    104,
                                    72,
                                    0,
                                    66,
                                    155,
                                    33,
                                    37,
                                    21,
                                    43,
                                    20,
                                    34,
                                    11,
                                ],
                                [
                                    58,
                                    134,
                                    94,
                                    105,
                                    238,
                                    15,
                                    84,
                                    128,
                                    202,
                                    188,
                                    246,
                                    99,
                                    87,
                                    228,
                                    220,
                                    47,
                                    24,
                                    213,
                                    141,
                                    69,
                                    193,
                                    234,
                                    116,
                                    137,
                                    251,
                                    55,
                                    35,
                                    217,
                                    121,
                                    60,
                                    114,
                                    166,
                                ],
                                [
                                    4,
                                    232,
                                    110,
                                    207,
                                    125,
                                    50,
                                    61,
                                    60,
                                    116,
                                    35,
                                    135,
                                    68,
                                    209,
                                    53,
                                    34,
                                    40,
                                    178,
                                    236,
                                    228,
                                    65,
                                    229,
                                    119,
                                    93,
                                    153,
                                    250,
                                    106,
                                    75,
                                    252,
                                    212,
                                    16,
                                    63,
                                    207,
                                ],
                            ],
                            recent_blockhash: [
                                239,
                                6,
                                231,
                                96,
                                247,
                                44,
                                1,
                                117,
                                147,
                                90,
                                156,
                                23,
                                8,
                                75,
                                227,
                                213,
                                42,
                                95,
                                16,
                                45,
                                1,
                                160,
                                70,
                                200,
                                211,
                                149,
                                88,
                                68,
                                127,
                                233,
                                189,
                                228,
                            ],
                            instructions: [
                                CompiledInstruction {
                                    program_id_index: 6,
                                    accounts: [],
                                    data: [
                                        2,
                                        246,
                                        192,
                                        1,
                                        0,
                                    ],
                                },
                                CompiledInstruction {
                                    program_id_index: 6,
                                    accounts: [],
                                    data: [
                                        3,
                                        160,
                                        134,
                                        1,
                                        0,
                                        0,
                                        0,
                                        0,
                                        0,
                                    ],
                                },
                                CompiledInstruction {
                                    program_id_index: 7,
                                    accounts: [
                                        0,
                                        1,
                                        8,
                                        9,
                                        7,
                                    ],
                                    data: [
                                        20,
                                        22,
                                        86,
                                        123,
                                        198,
                                        28,
                                        219,
                                        132,
                                    ],
                                },
                                CompiledInstruction {
                                    program_id_index: 10,
                                    accounts: [
                                        0,
                                        2,
                                        0,
                                        11,
                                        8,
                                        12,
                                    ],
                                    data: [
                                        1,
                                    ],
                                },
                                CompiledInstruction {
                                    program_id_index: 13,
                                    accounts: [
                                        11,
                                        12,
                                        0,
                                        14,
                                        3,
                                        2,
                                        15,
                                        13,
                                    ],
                                    data: [
                                        160,
                                        57,
                                        89,
                                        42,
                                        181,
                                        139,
                                        43,
                                        66,
                                    ],
                                },
                                CompiledInstruction {
                                    program_id_index: 12,
                                    accounts: [
                                        2,
                                        0,
                                        0,
                                    ],
                                    data: [
                                        9,
                                    ],
                                },
                                CompiledInstruction {
                                    program_id_index: 16,
                                    accounts: [
                                        17,
                                        16,
                                        0,
                                        18,
                                        19,
                                        4,
                                        8,
                                        5,
                                        7,
                                        9,
                                        16,
                                        13,
                                        15,
                                    ],
                                    data: [
                                        195,
                                        78,
                                        86,
                                        76,
                                        111,
                                        52,
                                        251,
                                        213,
                                    ],
                                },
                            ],
                            versioned: true,
                            address_table_lookups: [],
                        },
                    ),
                },
            ),
            meta: Some(
                TransactionStatusMeta {
                    err: None,
                    fee: 16494,
                    pre_balances: [
                        12131089076,
                        591394230,
                        0,
                        2039280,
                        0,
                        1688529797,
                        1,
                        7450496366,
                        1,
                        168260857,
                        3316551056,
                        1451242431252,
                        5595651284,
                        1164581470,
                        0,
                        2641090,
                        2863717,
                        0,
                        4087496114,
                        3793200,
                    ],
                    post_balances: [
                        12713558012,
                        890880,
                        0,
                        2039280,
                        8017920,
                        1688529797,
                        1,
                        7450496366,
                        1,
                        168260857,
                        3316551056,
                        1451242431252,
                        5595651284,
                        1164581470,
                        0,
                        2641090,
                        2863717,
                        0,
                        4087496114,
                        3793200,
                    ],
                    inner_instructions: [
                        InnerInstructions {
                            index: 2,
                            instructions: [
                                InnerInstruction {
                                    program_id_index: 8,
                                    accounts: [
                                        1,
                                        0,
                                    ],
                                    data: [
                                        2,
                                        0,
                                        0,
                                        0,
                                        182,
                                        93,
                                        50,
                                        35,
                                        0,
                                        0,
                                        0,
                                        0,
                                    ],
                                    stack_height: Some(
                                        2,
                                    ),
                                },
                                InnerInstruction {
                                    program_id_index: 7,
                                    accounts: [
                                        9,
                                    ],
                                    data: [
                                        228,
                                        69,
                                        165,
                                        46,
                                        81,
                                        203,
                                        154,
                                        29,
                                        122,
                                        2,
                                        127,
                                        1,
                                        14,
                                        191,
                                        12,
                                        175,
                                        154,
                                        0,
                                        197,
                                        105,
                                        0,
                                        0,
                                        0,
                                        0,
                                        101,
                                        21,
                                        71,
                                        241,
                                        127,
                                        56,
                                        82,
                                        181,
                                        242,
                                        190,
                                        188,
                                        127,
                                        38,
                                        51,
                                        217,
                                        250,
                                        47,
                                        58,
                                        192,
                                        72,
                                        24,
                                        158,
                                        254,
                                        248,
                                        5,
                                        90,
                                        238,
                                        244,
                                        49,
                                        173,
                                        139,
                                        55,
                                        182,
                                        93,
                                        50,
                                        35,
                                        0,
                                        0,
                                        0,
                                        0,
                                    ],
                                    stack_height: Some(
                                        2,
                                    ),
                                },
                            ],
                        },
                        InnerInstructions {
                            index: 3,
                            instructions: [
                                InnerInstruction {
                                    program_id_index: 12,
                                    accounts: [
                                        11,
                                    ],
                                    data: [
                                        21,
                                        7,
                                        0,
                                    ],
                                    stack_height: Some(
                                        2,
                                    ),
                                },
                                InnerInstruction {
                                    program_id_index: 8,
                                    accounts: [
                                        0,
                                        2,
                                    ],
                                    data: [
                                        0,
                                        0,
                                        0,
                                        0,
                                        240,
                                        29,
                                        31,
                                        0,
                                        0,
                                        0,
                                        0,
                                        0,
                                        165,
                                        0,
                                        0,
                                        0,
                                        0,
                                        0,
                                        0,
                                        0,
                                        6,
                                        221,
                                        246,
                                        225,
                                        215,
                                        101,
                                        161,
                                        147,
                                        217,
                                        203,
                                        225,
                                        70,
                                        206,
                                        235,
                                        121,
                                        172,
                                        28,
                                        180,
                                        133,
                                        237,
                                        95,
                                        91,
                                        55,
                                        145,
                                        58,
                                        140,
                                        245,
                                        133,
                                        126,
                                        255,
                                        0,
                                        169,
                                    ],
                                    stack_height: Some(
                                        2,
                                    ),
                                },
                                InnerInstruction {
                                    program_id_index: 12,
                                    accounts: [
                                        2,
                                    ],
                                    data: [
                                        22,
                                    ],
                                    stack_height: Some(
                                        2,
                                    ),
                                },
                                InnerInstruction {
                                    program_id_index: 12,
                                    accounts: [
                                        2,
                                        11,
                                    ],
                                    data: [
                                        18,
                                        101,
                                        21,
                                        71,
                                        241,
                                        127,
                                        56,
                                        82,
                                        181,
                                        242,
                                        190,
                                        188,
                                        127,
                                        38,
                                        51,
                                        217,
                                        250,
                                        47,
                                        58,
                                        192,
                                        72,
                                        24,
                                        158,
                                        254,
                                        248,
                                        5,
                                        90,
                                        238,
                                        244,
                                        49,
                                        173,
                                        139,
                                        55,
                                    ],
                                    stack_height: Some(
                                        2,
                                    ),
                                },
                            ],
                        },
                        InnerInstructions {
                            index: 6,
                            instructions: [
                                InnerInstruction {
                                    program_id_index: 8,
                                    accounts: [
                                        0,
                                        4,
                                    ],
                                    data: [
                                        0,
                                        0,
                                        0,
                                        0,
                                        0,
                                        88,
                                        122,
                                        0,
                                        0,
                                        0,
                                        0,
                                        0,
                                        0,
                                        4,
                                        0,
                                        0,
                                        0,
                                        0,
                                        0,
                                        0,
                                        12,
                                        53,
                                        255,
                                        169,
                                        5,
                                        90,
                                        142,
                                        86,
                                        141,
                                        168,
                                        247,
                                        188,
                                        7,
                                        86,
                                        21,
                                        39,
                                        76,
                                        241,
                                        201,
                                        44,
                                        164,
                                        31,
                                        64,
                                        0,
                                        156,
                                        81,
                                        106,
                                        164,
                                        20,
                                        194,
                                        124,
                                        112,
                                    ],
                                    stack_height: Some(
                                        2,
                                    ),
                                },
                                InnerInstruction {
                                    program_id_index: 7,
                                    accounts: [
                                        19,
                                        5,
                                        4,
                                        9,
                                        7,
                                    ],
                                    data: [
                                        87,
                                        124,
                                        52,
                                        191,
                                        52,
                                        38,
                                        214,
                                        232,
                                    ],
                                    stack_height: Some(
                                        2,
                                    ),
                                },
                                InnerInstruction {
                                    program_id_index: 7,
                                    accounts: [
                                        9,
                                    ],
                                    data: [
                                        228,
                                        69,
                                        165,
                                        46,
                                        81,
                                        203,
                                        154,
                                        29,
                                        155,
                                        167,
                                        104,
                                        220,
                                        213,
                                        108,
                                        243,
                                        3,
                                        154,
                                        0,
                                        197,
                                        105,
                                        0,
                                        0,
                                        0,
                                        0,
                                        4,
                                        232,
                                        110,
                                        207,
                                        125,
                                        50,
                                        61,
                                        60,
                                        116,
                                        35,
                                        135,
                                        68,
                                        209,
                                        53,
                                        34,
                                        40,
                                        178,
                                        236,
                                        228,
                                        65,
                                        229,
                                        119,
                                        93,
                                        153,
                                        250,
                                        106,
                                        75,
                                        252,
                                        212,
                                        16,
                                        63,
                                        207,
                                        129,
                                        145,
                                        159,
                                        249,
                                        202,
                                        195,
                                        145,
                                        132,
                                        208,
                                        89,
                                        208,
                                        117,
                                        21,
                                        132,
                                        68,
                                        10,
                                        74,
                                        226,
                                        117,
                                        39,
                                        94,
                                        215,
                                        167,
                                        209,
                                        13,
                                        32,
                                        196,
                                        25,
                                        196,
                                        145,
                                        108,
                                        83,
                                        153,
                                        16,
                                        210,
                                        143,
                                        96,
                                        22,
                                        1,
                                        50,
                                        7,
                                        111,
                                        67,
                                        28,
                                        71,
                                        188,
                                        231,
                                        131,
                                        124,
                                        86,
                                        255,
                                        178,
                                        49,
                                        39,
                                        229,
                                        209,
                                        246,
                                        160,
                                        52,
                                        127,
                                        255,
                                        132,
                                        225,
                                        82,
                                        101,
                                        21,
                                        71,
                                        241,
                                        127,
                                        56,
                                        82,
                                        181,
                                        242,
                                        190,
                                        188,
                                        127,
                                        38,
                                        51,
                                        217,
                                        250,
                                        47,
                                        58,
                                        192,
                                        72,
                                        24,
                                        158,
                                        254,
                                        248,
                                        5,
                                        90,
                                        238,
                                        244,
                                        49,
                                        173,
                                        139,
                                        55,
                                        153,
                                        16,
                                        210,
                                        143,
                                        96,
                                        22,
                                        1,
                                        50,
                                        7,
                                        111,
                                        67,
                                        28,
                                        71,
                                        188,
                                        231,
                                        131,
                                        124,
                                        86,
                                        255,
                                        178,
                                        49,
                                        39,
                                        229,
                                        209,
                                        246,
                                        160,
                                        52,
                                        127,
                                        255,
                                        132,
                                        225,
                                        82,
                                    ],
                                    stack_height: Some(
                                        3,
                                    ),
                                },
                                InnerInstruction {
                                    program_id_index: 16,
                                    accounts: [
                                        17,
                                    ],
                                    data: [
                                        228,
                                        69,
                                        165,
                                        46,
                                        81,
                                        203,
                                        154,
                                        29,
                                        133,
                                        105,
                                        170,
                                        200,
                                        184,
                                        116,
                                        251,
                                        88,
                                        154,
                                        0,
                                        197,
                                        105,
                                        0,
                                        0,
                                        0,
                                        0,
                                        4,
                                        232,
                                        110,
                                        207,
                                        125,
                                        50,
                                        61,
                                        60,
                                        116,
                                        35,
                                        135,
                                        68,
                                        209,
                                        53,
                                        34,
                                        40,
                                        178,
                                        236,
                                        228,
                                        65,
                                        229,
                                        119,
                                        93,
                                        153,
                                        250,
                                        106,
                                        75,
                                        252,
                                        212,
                                        16,
                                        63,
                                        207,
                                        129,
                                        145,
                                        159,
                                        249,
                                        202,
                                        195,
                                        145,
                                        132,
                                        208,
                                        89,
                                        208,
                                        117,
                                        21,
                                        132,
                                        68,
                                        10,
                                        74,
                                        226,
                                        117,
                                        39,
                                        94,
                                        215,
                                        167,
                                        209,
                                        13,
                                        32,
                                        196,
                                        25,
                                        196,
                                        145,
                                        108,
                                        83,
                                        0,
                                        153,
                                        16,
                                        210,
                                        143,
                                        96,
                                        22,
                                        1,
                                        50,
                                        7,
                                        111,
                                        67,
                                        28,
                                        71,
                                        188,
                                        231,
                                        131,
                                        124,
                                        86,
                                        255,
                                        178,
                                        49,
                                        39,
                                        229,
                                        209,
                                        246,
                                        160,
                                        52,
                                        127,
                                        255,
                                        132,
                                        225,
                                        82,
                                        101,
                                        21,
                                        71,
                                        241,
                                        127,
                                        56,
                                        82,
                                        181,
                                        242,
                                        190,
                                        188,
                                        127,
                                        38,
                                        51,
                                        217,
                                        250,
                                        47,
                                        58,
                                        192,
                                        72,
                                        24,
                                        158,
                                        254,
                                        248,
                                        5,
                                        90,
                                        238,
                                        244,
                                        49,
                                        173,
                                        139,
                                        55,
                                        1,
                                        0,
                                        0,
                                        0,
                                        101,
                                        21,
                                        71,
                                        241,
                                        127,
                                        56,
                                        82,
                                        181,
                                        242,
                                        190,
                                        188,
                                        127,
                                        38,
                                        51,
                                        217,
                                        250,
                                        47,
                                        58,
                                        192,
                                        72,
                                        24,
                                        158,
                                        254,
                                        248,
                                        5,
                                        90,
                                        238,
                                        244,
                                        49,
                                        173,
                                        139,
                                        55,
                                        16,
                                        39,
                                        1,
                                    ],
                                    stack_height: Some(
                                        2,
                                    ),
                                },
                            ],
                        },
                    ],
                    inner_instructions_none: false,
                    log_messages: [
                        "Program ComputeBudget111111111111111111111111111111 invoke [1]",
                        "Program ComputeBudget111111111111111111111111111111 success",
                        "Program ComputeBudget111111111111111111111111111111 invoke [1]",
                        "Program ComputeBudget111111111111111111111111111111 success",
                        "Program 6EF8rrecthR5Dkzon8Nwu78hRvfCKubJ14M5uBEwF6P invoke [1]",
                        "Program log: Instruction: CollectCreatorFee",
                        "Program 11111111111111111111111111111111 invoke [2]",
                        "Program 11111111111111111111111111111111 success",
                        "Program data: egJ/AQ6/DK+aAMVpAAAAAGUVR/F/OFK18r68fyYz2fovOsBIGJ7++AVa7vQxrYs3tl0yIwAAAAA=",
                        "Program 6EF8rrecthR5Dkzon8Nwu78hRvfCKubJ14M5uBEwF6P invoke [2]",
                        "Program 6EF8rrecthR5Dkzon8Nwu78hRvfCKubJ14M5uBEwF6P consumed 2060 of 103836 compute units",
                        "Program 6EF8rrecthR5Dkzon8Nwu78hRvfCKubJ14M5uBEwF6P success",
                        "Program 6EF8rrecthR5Dkzon8Nwu78hRvfCKubJ14M5uBEwF6P consumed 13064 of 114634 compute units",
                        "Program 6EF8rrecthR5Dkzon8Nwu78hRvfCKubJ14M5uBEwF6P success",
                        "Program ATokenGPvbdGVxr1b2hvZbsiqW5xWH25efTNsLJA8knL invoke [1]",
                        "Program log: CreateIdempotent",
                        "Program TokenkegQfeZyiNwAJbNbGKPFXCWuBvf9Ss623VQ5DA invoke [2]",
                        "Program log: Instruction: GetAccountDataSize",
                        "Program TokenkegQfeZyiNwAJbNbGKPFXCWuBvf9Ss623VQ5DA consumed 1569 of 96219 compute units",
                        "Program return: TokenkegQfeZyiNwAJbNbGKPFXCWuBvf9Ss623VQ5DA pQAAAAAAAAA=",
                        "Program TokenkegQfeZyiNwAJbNbGKPFXCWuBvf9Ss623VQ5DA success",
                        "Program 11111111111111111111111111111111 invoke [2]",
                        "Program 11111111111111111111111111111111 success",
                        "Program log: Initialize the associated token account",
                        "Program TokenkegQfeZyiNwAJbNbGKPFXCWuBvf9Ss623VQ5DA invoke [2]",
                        "Program log: Instruction: InitializeImmutableOwner",
                        "Program log: Please upgrade to SPL Token 2022 for immutable owner support",
                        "Program TokenkegQfeZyiNwAJbNbGKPFXCWuBvf9Ss623VQ5DA consumed 1405 of 89740 compute units",
                        "Program TokenkegQfeZyiNwAJbNbGKPFXCWuBvf9Ss623VQ5DA success",
                        "Program TokenkegQfeZyiNwAJbNbGKPFXCWuBvf9Ss623VQ5DA invoke [2]",
                        "Program log: Instruction: InitializeAccount3",
                        "Program TokenkegQfeZyiNwAJbNbGKPFXCWuBvf9Ss623VQ5DA consumed 3158 of 85911 compute units",
                        "Program TokenkegQfeZyiNwAJbNbGKPFXCWuBvf9Ss623VQ5DA success",
                        "Program ATokenGPvbdGVxr1b2hvZbsiqW5xWH25efTNsLJA8knL consumed 19100 of 101570 compute units",
                        "Program ATokenGPvbdGVxr1b2hvZbsiqW5xWH25efTNsLJA8knL success",
                        "Program pAMMBay6oceH9fJKBRHGP5D4bD4sWpmSwMn52FMfXEA invoke [1]",
                        "Program log: Instruction: CollectCoinCreatorFee",
                        "Program log: No coin creator fee to collect",
                        "Program pAMMBay6oceH9fJKBRHGP5D4bD4sWpmSwMn52FMfXEA consumed 12017 of 82470 compute units",
                        "Program pAMMBay6oceH9fJKBRHGP5D4bD4sWpmSwMn52FMfXEA success",
                        "Program TokenkegQfeZyiNwAJbNbGKPFXCWuBvf9Ss623VQ5DA invoke [1]",
                        "Program log: Instruction: CloseAccount",
                        "Program TokenkegQfeZyiNwAJbNbGKPFXCWuBvf9Ss623VQ5DA consumed 2915 of 70453 compute units",
                        "Program TokenkegQfeZyiNwAJbNbGKPFXCWuBvf9Ss623VQ5DA success",
                        "Program pfeeUxB6jkeY1Hxd7CsFCAjcbHA9rWtchMGdZ6VojVZ invoke [1]",
                        "Program log: Instruction: CreateFeeSharingConfig",
                        "Program 11111111111111111111111111111111 invoke [2]",
                        "Program 11111111111111111111111111111111 success",
                        "Program 6EF8rrecthR5Dkzon8Nwu78hRvfCKubJ14M5uBEwF6P invoke [2]",
                        "Program log: Instruction: MigrateBondingCurveCreator",
                        "Program data: m6do3NVs8wOaAMVpAAAAAATobs99Mj08dCOHRNE1Iiiy7ORB5XddmfpqS/zUED/PgZGf+crDkYTQWdB1FYRECkridSde16fRDSDEGcSRbFOZENKPYBYBMgdvQxxHvOeDfFb/sjEn5dH2oDR//4ThUmUVR/F/OFK18r68fyYz2fovOsBIGJ7++AVa7vQxrYs3mRDSj2AWATIHb0McR7zng3xW/7IxJ+XR9qA0f/+E4VI=",
                        "Program 6EF8rrecthR5Dkzon8Nwu78hRvfCKubJ14M5uBEwF6P invoke [3]",
                        "Program 6EF8rrecthR5Dkzon8Nwu78hRvfCKubJ14M5uBEwF6P consumed 2060 of 20060 compute units",
                        "Program 6EF8rrecthR5Dkzon8Nwu78hRvfCKubJ14M5uBEwF6P success",
                        "Program 6EF8rrecthR5Dkzon8Nwu78hRvfCKubJ14M5uBEwF6P consumed 18675 of 35914 compute units",
                        "Program 6EF8rrecthR5Dkzon8Nwu78hRvfCKubJ14M5uBEwF6P success",
                        "Program data: hWmqyLh0+1iaAMVpAAAAAATobs99Mj08dCOHRNE1Iiiy7ORB5XddmfpqS/zUED/PgZGf+crDkYTQWdB1FYRECkridSde16fRDSDEGcSRbFMAmRDSj2AWATIHb0McR7zng3xW/7IxJ+XR9qA0f/+E4VJlFUfxfzhStfK+vH8mM9n6LzrASBie/vgFWu70Ma2LNwEAAABlFUfxfzhStfK+vH8mM9n6LzrASBie/vgFWu70Ma2LNxAnAQ==",
                        "Program pfeeUxB6jkeY1Hxd7CsFCAjcbHA9rWtchMGdZ6VojVZ invoke [2]",
                        "Program pfeeUxB6jkeY1Hxd7CsFCAjcbHA9rWtchMGdZ6VojVZ consumed 6553 of 13030 compute units",
                        "Program pfeeUxB6jkeY1Hxd7CsFCAjcbHA9rWtchMGdZ6VojVZ success",
                        "Program pfeeUxB6jkeY1Hxd7CsFCAjcbHA9rWtchMGdZ6VojVZ consumed 62065 of 67538 compute units",
                        "Program pfeeUxB6jkeY1Hxd7CsFCAjcbHA9rWtchMGdZ6VojVZ success",
                    ],
                    log_messages_none: false,
                    pre_token_balances: [
                        TokenBalance {
                            account_index: 3,
                            mint: "So11111111111111111111111111111111111111112",
                            ui_token_amount: Some(
                                UiTokenAmount {
                                    ui_amount: 0.0,
                                    decimals: 9,
                                    amount: "0",
                                    ui_amount_string: "0",
                                },
                            ),
                            owner: "5X3MqY1cTpadVTBvEYDHxghawtXDd5zrZxVJ5cqXBvzW",
                            program_id: "TokenkegQfeZyiNwAJbNbGKPFXCWuBvf9Ss623VQ5DA",
                        },
                    ],
                    post_token_balances: [
                        TokenBalance {
                            account_index: 3,
                            mint: "So11111111111111111111111111111111111111112",
                            ui_token_amount: Some(
                                UiTokenAmount {
                                    ui_amount: 0.0,
                                    decimals: 9,
                                    amount: "0",
                                    ui_amount_string: "0",
                                },
                            ),
                            owner: "5X3MqY1cTpadVTBvEYDHxghawtXDd5zrZxVJ5cqXBvzW",
                            program_id: "TokenkegQfeZyiNwAJbNbGKPFXCWuBvf9Ss623VQ5DA",
                        },
                    ],
                    rewards: [],
                    loaded_writable_addresses: [],
                    loaded_readonly_addresses: [],
                    return_data: None,
                    return_data_none: true,
                    compute_units_consumed: Some(
                        109461,
                    ),
                    cost_units: Some(
                        117311,
                    ),
                },
            ),
            index: 230,
        },
    ),
    slot: 408960897,
}